Accuracy:  0.7382165605095541
Precision:  0.7224631529417533
Recall:  0.7382165605095541
F1:  0.7196739152188681
