Accuracy:  0.7452229299363057
Precision:  0.7238455848109817
Recall:  0.7452229299363057
F1:  0.7281248257063457
