Accuracy:  0.7560509554140128
Precision:  0.7375895159812931
Recall:  0.7560509554140128
F1:  0.7385826320251174
